,A,B,C
7.0,331,358,331
11.0,331,358,331
16.0,331,358,331
